22 760 70
53 800 13
15 675 0
13 698 90
61 682 30
118 724 40
154 762 70
122 797 -20
109 669 -49
140 632 -49
176 604 -34
122 681 -51
154 646 -45
192 618 -34
149 721 1
197 722 1
257 611 21
291 579 -72
323 565 1
372 569 27
264 684 -52
296 651 -45
333 625 -31
378 607 -21
237 631 85
240 679 85
152 404 22
196 428 53
219 475 78
225 524 90
243 565 -55
271 522 -65
291 474 -75
303 426 -83
224 556 -55
252 514 -67
270 468 -74
284 422 -82
324 444 89
328 489 55
363 526 31
404 554 55
156 389 5
203 392 5
252 398 5
268 360 47
343 434 56
373 472 24
420 490 -3
241 297 -84
247 250 -84
258 298 -84
263 254 -84
149 351 -31
197 344 -1
178 57 64
197 102 64
215 145 64
235 188 64
196 51 64
215 96 64
233 139 64
251 182 64
459 502 -76
446 547 -76
484 489 29
530 507 29
453 579 -34
490 550 -34
527 563 57
553 600 57
578 542 78
585 591 78
480 446 -43
518 411 -43
554 429 77
564 475 77
487 357 77
501 394 -17
345 392 -16
390 369 -31
429 341 -35
353 409 -17
399 385 -32
438 356 -36
381 295 -12
428 299 42
313 352 -61
335 313 -61
329 361 -61
351 318 -61
271 321 -35
314 295 -34
369 250 -66
287 231 1
334 231 1
407 252 45
440 287 45
487 297 -25
516 262 63
392 186 -78
415 191 13
460 207 51
461 208 54
569 408 55
608 447 2
655 419 -40
632 288 73
644 335 60
672 372 52
531 240 6
580 248 6
493 313 -26
536 293 -26
579 270 -26
500 328 -26
543 308 -26
586 286 -26
691 437 -86
687 485 -86
595 508 -12
641 509 32
614 625 -7
661 632 47
601 645 29
641 673 57
666 723 90
641 767 -55
697 693 66
686 743 -46
653 778 -49
736 466 -58
702 504 -44
721 423 32
711 438 32
686 559 82
700 602 35
746 615 -18
794 635 93
792 682 93
789 731 95
808 763 -1
773 470 82
781 520 82
786 567 82
715 686 67
733 731 71
762 773 20
814 783 -8
847 636 -48
838 679 -84
838 728 58
816 590 -27
858 583 66
897 634 29
940 658 29
981 682 29
880 774 0
926 776 24
977 763 -62
1001 720 -65
682 809 0
728 809 0
778 811 0
825 811 0
874 811 0
921 811 0
964 561 67
984 606 68
1002 652 66
901 604 -18
946 561 -84
786 456 27
826 474 27
870 498 27
910 523 27
774 407 -48
807 375 -34
848 353 -25
893 337 -20
941 334 -1
989 333 1
960 490 -72
977 444 -72
993 399 -72
1007 354 -72
848 268 46
887 299 24
939 314 0
988 314 0
645 245 -18
693 237 -8
742 237 1
790 239 10
648 265 -18
696 258 -8
745 256 1
790 259 6
716 387 -34
755 357 -43
789 317 -54
817 276 -59
1043 716 34
1084 745 34
996 811 0
1042 807 -5
1090 787 -27
1145 782 30
1196 797 -8
1232 765 78
1124 582 90
1104 629 -54
1065 650 35
1039 663 -52
1141 583 90
1142 630 81
1153 678 56
1187 716 33
1237 697 -80
1244 651 -78
1251 602 -81
1163 564 9
1210 574 9
1263 533 -86
1267 484 -86
1154 513 -78
1161 466 -78
1167 446 9
1214 453 9
1267 416 90
1238 395 -3
1037 346 68
1065 387 29
1115 409 5
1165 399 -19
1224 354 -51
1254 308 -74
1233 214 63
1254 261 81
979 506 -47
1019 491 -11
1066 493 25
1106 520 51
1142 231 3
1189 205 -37
1123 47 18
1166 65 39
1201 101 63
1220 148 85
994 176 -55
1023 137 -55
1049 97 -55
1078 58 -55
908 47 0
955 47 0
1005 47 0
1054 47 0
735 23 53
773 15 -42
817 10 0
867 10 0
914 10 0
963 11 0
1008 10 0
1056 14 24
597 64 -46
632 32 -43
669 8 -28
610 77 -46
642 45 -42
680 21 -27
495 196 -54
525 155 -58
553 115 -57
512 204 -55
539 167 -54
566 127 -56
780 114 -71
798 72 -54
835 52 -20
632 210 -81
643 167 -52
681 150 -12
728 148 13
788 170 30
823 206 77
856 214 -66
889 195 -12
935 199 32
879 67 -81
874 115 63
902 159 34
943 184 34
1009 186 -57
1033 173 36
1072 201 36
999 235 32
1038 274 -86
1060 326 4
1108 298 -46
1120 248 72
